20001
20002
20003
20004
20005
20006
20007
20008
20009
20010
20011
20012
20015
20016
20017
20018
20019
20020
20024
20026
20032
20036
20037
20045
20105
20106
20107
20109
20110
20111
20112
20115
20117
20119
20120
20121
20124
20129
20130
20132
20135
20136
20137
20141
20143
20144
20147
20148
20151
20152
20155
20158
20164
20165
20166
20169
20170
20171
20175
20176
20180
20181
20184
20186
20187
20189
20190
20191
20194
20197
20198
20260
20374
20376
20388
20391
20398
20500
20601
20602
20603
20606
20607
20608
20609
20611
20613
20615
20616
20617
20618
20619
20620
20621
20622
20623
20624
20626
20628
20630
20632
20634
20636
20637
20639
20640
20645
20646
20650
20653
20656
20657
20658
20659
20662
20664
20667
20670
20674
20675
20676
20677
20678
20680
20684
20685
20687
20688
20689
20690
20692
20693
20695
20701
20705
20706
20707
20708
20710
20711
20712
20714
20715
20716
20720
20721
20722
20723
20724
20732
20733
20735
20736
20737
20740
20743
20744
20745
20746
20747
20748
20751
20754
20755
20758
20759
20762
20763
20764
20769
20770
20772
20774
20776
20777
20778
20779
20781
20782
20783
20784
20785
20794
20812
20814
20815
20816
20817
20818
20832
20833
20837
20838
20839
20841
20842
20850
20851
20852
20853
20854
20855
20860
20861
20862
20866
20868
20871
20872
20874
20876
20877
20878
20879
20882
20886
20895
20901
20902
20903
20904
20905
20906
20910
20912
21001
21005
21009
21010
21012
21013
21014
21015
21017
21028
21029
21030
21031
21032
21034
21035
21036
21037
21040
21042
21043
21044
21045
21046
21047
21048
21050
21051
21053
21054
21057
21060
21061
21074
21075
21076
21077
21078
21082
21084
21085
21087
21090
21093
21102
21104
21108
21111
21113
21114
21117
21120
21122
21128
21131
21132
21133
21136
21140
21144
21146
21152
21154
21155
21156
21157
21158
21160
21161
21162
21163
21201
21202
21204
21205
21206
21207
21208
21209
21210
21211
21212
21213
21214
21215
21216
21217
21218
21219
21220
21221
21222
21223
21224
21225
21226
21227
21228
21229
21230
21231
21233
21234
21236
21237
21239
21240
21244
21260
21261
21286
21401
21402
21403
21405
21409
21502
21520
21521
21522
21523
21530
21531
21532
21536
21538
21539
21540
21541
21545
21550
21555
21557
21561
21562
21601
21607
21610
21612
21613
21617
21619
21620
21622
21623
21625
21626
21627
21629
21631
21632
21634
21635
21636
21638
21639
21640
21643
21644
21645
21647
21648
21649
21650
21651
21654
21655
21657
21658
21659
21660
21661
21662
21663
21665
21666
21667
21668
21671
21672
21673
21675
21676
21677
21678
21679
21701
21702
21703
21704
21710
21711
21713
21716
21718
21719
21722
21723
21727
21733
21737
21738
21740
21742
21750
21754
21755
21756
21757
21758
21766
21767
21769
21770
21771
21773
21774
21776
21777
21778
21779
21780
21782
21783
21784
21787
21788
21790
21791
21793
21794
21795
21797
21798
21801
21804
21811
21813
21814
21817
21821
21822
21824
21826
21829
21830
21835
21837
21838
21840
21841
21842
21849
21850
21851
21853
21856
21862
21863
21864
21865
21869
21871
21872
21874
21875
21901
21903
21904
21911
21912
21915
21917
21918
21919
21921
22003
22015
22025
22026
22027
22030
22031
22032
22033
22034
22035
22036
22039
22041
22042
22043
22044
22046
22060
22066
22067
22079
22081
22101
22102
22124
22134
22150
22151
22152
22153
22172
22180
22181
22182
22191
22192
22193
22201
22202
22203
22204
22205
22206
22207
22209
22211
22213
22214
22301
22302
22303
22304
22305
22306
22307
22308
22309
22310
22311
22312
22314
22315
22331
22332
22401
22405
22406
22407
22408
22427
22432
22433
22435
22436
22437
22438
22443
22448
22454
22460
22469
22473
22476
22480
22482
22485
22488
22503
22504
22508
22509
22511
22514
22520
22534
22535
22538
22539
22542
22546
22551
22553
22554
22556
22560
22567
22572
22576
22578
22580
22601
22602
22603
22610
22611
22620
22624
22625
22627
22630
22637
22639
22640
22641
22642
22643
22644
22645
22649
22650
22652
22654
22655
22656
22657
22660
22663
22664
22701
22709
22711
22712
22713
22714
22715
22716
22718
22719
22720
22721
22722
22723
22724
22725
22726
22727
22728
22729
22730
22731
22732
22733
22734
22735
22736
22737
22738
22740
22741
22742
22743
22746
22747
22749
22801
22802
22803
22810
22811
22812
22815
22820
22821
22824
22827
22830
22831
22832
22834
22835
22840
22841
22842
22843
22844
22845
22846
22847
22849
22850
22851
22853
22901
22902
22903
22904
22911
22920
22922
22923
22931
22932
22935
22936
22937
22938
22939
22940
22942
22943
22946
22947
22948
22949
22952
22958
22959
22960
22963
22964
22967
22968
22969
22971
22972
22973
22974
22976
22980
23002
23004
23005
23009
23011
23014
23015
23021
23022
23023
23024
23025
23027
23030
23032
23035
23038
23039
23040
23043
23045
23047
23050
23055
23056
23059
23060
23061
23062
23063
23065
23068
23069
23070
23071
23072
23075
23076
23079
23083
23084
23085
23086
23089
23091
23092
23093
23102
23103
23106
23108
23109
23110
23111
23112
23113
23114
23116
23117
23119
23120
23123
23124
23125
23126
23128
23129
23130
23138
23139
23140
23141
23146
23148
23149
23150
23153
23156
23160
23161
23163
23168
23169
23175
23176
23177
23180
23181
23185
23188
23192
23219
23220
23221
23222
23223
23224
23225
23226
23227
23228
23229
23230
23231
23232
23233
23234
23235
23236
23237
23238
23240
23250
23294
23298
23301
23302
23303
23306
23307
23308
23310
23314
23315
23320
23321
23322
23323
23324
23325
23336
23337
23345
23350
23354
23356
23357
23358
23359
23395
23396
23399
23404
23405
23409
23410
23415
23416
23417
23418
23420
23421
23426
23430
23432
23433
23434
23435
23436
23437
23438
23442
23451
23452
23453
23454
23455
23456
23457
23459
23460
23461
23462
23464
23487
23488
23502
23503
23504
23505
23507
23508
23509
23510
23511
23513
23517
23518
23519
23520
23521
23523
23601
23602
23603
23604
23605
23606
23607
23608
23651
23661
23662
23663
23664
23665
23666
23669
23690
23691
23692
23693
23696
23701
23702
23703
23704
23707
23708
23709
23801
23803
23805
23821
23824
23827
23828
23829
23830
23831
23832
23833
23834
23836
23837
23838
23839
23840
23841
23842
23843
23844
23845
23846
23847
23850
23851
23856
23857
23860
23866
23867
23868
23872
23874
23875
23876
23878
23879
23881
23882
23883
23885
23887
23888
23889
23890
23893
23894
23897
23898
23901
23915
23917
23919
23920
23921
23922
23923
23924
23927
23930
23934
23936
23937
23938
23942
23944
23947
23950
23952
23954
23958
23959
23960
23962
23963
23964
23966
23967
23968
23970
23974
23976
24011
24012
24013
24014
24015
24016
24017
24018
24019
24053
24054
24055
24059
24060
24064
24065
24066
24067
24069
24070
24072
24073
24076
24077
24078
24079
24082
24083
24084
24085
24086
24087
24088
24089
24090
24091
24092
24093
24095
24101
24102
24104
24105
24112
24120
24121
24122
24124
24127
24128
24130
24131
24133
24134
24136
24137
24138
24139
24141
24147
24148
24149
24150
24151
24153
24161
24162
24165
24167
24168
24171
24174
24175
24176
24179
24184
24185
24201
24202
24210
24211
24216
24217
24219
24220
24221
24224
24225
24226
24228
24230
24236
24237
24239
24243
24244
24245
24248
24250
24251
24256
24258
24260
24263
24265
24266
24269
24270
24271
24272
24273
24277
24279
24280
24281
24282
24283
24290
24292
24293
24301
24311
24312
24313
24314
24315
24316
24317
24318
24319
24322
24323
24324
24325
24326
24328
24330
24333
24340
24343
24347
24348
24350
24351
24352
24354
24360
24361
24363
24366
24368
24370
24374
24375
24377
24378
24380
24381
24382
24401
24413
24416
24421
24422
24426
24430
24431
24432
24433
24435
24437
24439
24440
24441
24442
24445
24450
24458
24459
24460
24464
24465
24467
24468
24471
24472
24473
24476
24477
24479
24482
24483
24484
24485
24486
24487
24501
24502
24503
24504
24517
24520
24521
24522
24523
24526
24527
24528
24529
24530
24531
24534
24536
24538
24539
24540
24541
24549
24550
24551
24553
24554
24555
24556
24557
24558
24562
24563
24565
24566
24569
24570
24571
24572
24574
24577
24578
24579
24580
24581
24586
24588
24589
24590
24592
24593
24594
24597
24598
24599
24602
24603
24605
24609
24613
24614
24620
24622
24628
24630
24631
24634
24637
24639
24641
24646
24649
24651
24656
24657
24701
24712
24714
24715
24724
24726
24731
24733
24736
24739
24740
24747
24801
24808
24815
24818
24822
24823
24827
24828
24830
24839
24844
24846
24849
24850
24860
24862
24868
24869
24870
24872
24873
24874
24879
24880
24882
24884
24892
24898
24901
24910
24915
24916
24918
24920
24924
24925
24927
24931
24934
24935
24938
24941
24943
24944
24945
24946
24951
24954
24957
24961
24962
24963
24966
24970
24974
24976
24977
24981
24983
24984
24985
24986
24991
24993
25003
25005
25007
25008
25009
25015
25019
25021
25024
25025
25028
25030
25033
25035
25039
25043
25044
25045
25047
25048
25049
25051
25053
25059
25060
25062
25063
25064
25067
25071
25075
25079
25081
25082
25083
25085
25088
25093
25103
25106
25107
25108
25111
25113
25114
25115
25118
25119
25121
25123
25124
25125
25130
25132
25133
25136
25139
25140
25141
25142
25143
25148
25154
25159
25160
25161
25164
25165
25168
25169
25173
25174
25177
25180
25181
25187
25193
25202
25203
25204
25206
25208
25209
25213
25214
25231
25234
25235
25239
25241
25243
25244
25245
25248
25251
25252
25253
25259
25260
25261
25262
25264
25266
25267
25268
25270
25271
25275
25276
25285
25286
25287
25301
25302
25303
25304
25305
25306
25309
25311
25312
25313
25314
25315
25320
25387
25389
25401
25403
25404
25405
25411
25413
25414
25419
25420
25421
25422
25425
25427
25428
25430
25431
25432
25434
25437
25438
25442
25443
25444
25446
25501
25502
25503
25504
25505
25506
25508
25510
25511
25512
25514
25515
25517
25520
25521
25523
25524
25526
25529
25530
25534
25535
25537
25540
25541
25544
25545
25547
25550
25555
25557
25559
25560
25564
25565
25567
25570
25571
25572
25573
25601
25607
25608
25612
25617
25621
25625
25632
25635
25638
25650
25651
25654
25661
25666
25669
25670
25671
25672
25674
25676
25678
25699
25701
25702
25703
25704
25705
25801
25811
25812
25813
25817
25820
25823
25825
25827
25831
25832
25837
25839
25840
25841
25843
25844
25845
25846
25848
25854
25857
25862
25864
25865
25868
25870
25876
25880
25882
25901
25902
25908
25913
25915
25917
25918
25920
25922
25926
25928
25932
25936
25938
25951
25958
25962
25965
25969
25971
25976
25977
25978
25979
25981
25984
25985
25989
26003
26031
26032
26033
26034
26035
26036
26037
26038
26039
26040
26041
26047
26050
26055
26059
26060
26062
26070
26101
26104
26105
26133
26134
26136
26137
26138
26141
26142
26143
26146
26147
26148
26149
26150
26151
26152
26155
26159
26160
26161
26162
26164
26167
26169
26170
26175
26178
26180
26181
26184
26187
26201
26202
26203
26205
26206
26208
26210
26215
26217
26218
26222
26224
26228
26230
26234
26236
26237
26238
26241
26250
26253
26254
26257
26260
26261
26263
26264
26266
26267
26268
26269
26270
26271
26273
26276
26278
26280
26282
26283
26287
26288
26289
26291
26292
26293
26294
26301
26320
26321
26325
26327
26330
26335
26337
26338
26339
26342
26343
26346
26347
26348
26351
26354
26362
26372
26374
26376
26377
26378
26384
26385
26386
26404
26405
26408
26410
26411
26412
26415
26416
26419
26421
26425
26426
26430
26431
26437
26440
26443
26444
26447
26448
26451
26452
26456
26461
26501
26505
26506
26508
26519
26521
26524
26525
26537
26541
26542
26546
26547
26554
26560
26561
26562
26568
26570
26571
26575
26581
26582
26585
26587
26588
26590
26591
26601
26610
26611
26615
26617
26619
26621
26623
26624
26627
26629
26631
26636
26638
26651
26656
26660
26662
26671
26676
26678
26679
26680
26681
26684
26690
26691
26704
26705
26710
26711
26714
26716
26717
26719
26720
26722
26726
26731
26739
26743
26750
26753
26755
26757
26761
26763
26764
26767
26801
26802
26804
26807
26808
26810
26812
26814
26815
26817
26818
26833
26836
26838
26845
26847
26851
26852
26855
26865
26866
26884
27006
27007
27009
27011
27012
27013
27016
27017
27018
27019
27020
27021
27022
27023
27024
27025
27027
27028
27030
27040
27041
27042
27043
27045
27046
27047
27048
27050
27051
27052
27053
27054
27055
27101
27103
27104
27105
27106
27107
27109
27127
27203
27205
27207
27208
27209
27212
27214
27215
27217
27229
27231
27233
27235
27239
27242
27243
27244
27248
27249
27252
27253
27258
27260
27262
27263
27265
27278
27281
27282
27283
27284
27288
27291
27292
27295
27298
27299
27301
27302
27305
27306
27310
27311
27312
27313
27314
27315
27316
27317
27320
27325
27326
27330
27332
27341
27343
27344
27349
27350
27355
27356
27357
27358
27360
27370
27371
27376
27377
27379
27395
27401
27403
27405
27406
27407
27408
27409
27410
27455
27495
27501
27502
27503
27504
27505
27507
27508
27509
27510
27511
27513
27514
27516
27517
27518
27519
27520
27521
27522
27523
27524
27525
27526
27527
27528
27529
27530
27531
27534
27536
27537
27539
27540
27541
27542
27544
27545
27546
27549
27551
27553
27556
27557
27559
27560
27562
27563
27564
27565
27569
27571
27572
27573
27574
27576
27577
27581
27583
27587
27589
27591
27592
27596
27597
27601
27603
27604
27605
27606
27607
27608
27609
27610
27612
27613
27614
27615
27616
27617
27701
27703
27704
27705
27706
27707
27712
27713
27801
27803
27804
27805
27806
27807
27808
27809
27810
27812
27814
27816
27817
27818
27820
27821
27822
27823
27824
27826
27828
27829
27830
27831
27832
27834
27837
27839
27840
27842
27843
27844
27845
27846
27847
27849
27850
27851
27852
27853
27854
27855
27856
27857
27858
27860
27862
27863
27864
27865
27866
27869
27870
27871
27872
27874
27875
27876
27880
27882
27883
27884
27885
27886
27888
27889
27890
27891
27892
27893
27896
27897
27909
27910
27916
27917
27919
27921
27922
27923
27924
27925
27926
27927
27928
27929
27932
27935
27937
27938
27939
27941
27942
27944
27946
27947
27948
27949
27950
27953
27954
27956
27957
27958
27959
27962
27964
27965
27966
27970
27973
27974
27976
27978
27979
27980
27981
27983
27986
28001
28006
28012
28016
28018
28020
28021
28023
28025
28027
28031
28032
28033
28034
28035
28036
28037
28040
28043
28052
28054
28056
28071
28073
28075
28078
28079
28080
28081
28083
28086
28088
28090
28091
28092
28097
28098
28101
28103
28104
28105
28107
28110
28112
28114
28115
28117
28119
28120
28124
28125
28127
28128
28129
28133
28134
28135
28137
28138
28139
28144
28146
28147
28150
28152
28159
28160
28163
28164
28166
28167
28168
28170
28173
28174
28202
28203
28204
28205
28206
28207
28208
28209
28210
28211
28212
28213
28214
28215
28216
28217
28226
28227
28244
28246
28254
28262
28269
28270
28273
28277
28278
28280
28281
28282
28284
28285
28287
28301
28303
28304
28305
28306
28307
28308
28311
28312
28314
28315
28318
28320
28323
28326
28327
28328
28333
28334
28337
28338
28339
28340
28341
28343
28344
28345
28347
28348
28349
28351
28352
28356
28357
28358
28360
28363
28364
28365
28366
28369
28371
28372
28373
28374
28376
28377
28379
28382
28383
28384
28385
28386
28387
28390
28391
28392
28393
28394
28395
28396
28398
28399
28401
28403
28405
28409
28411
28412
28420
28421
28422
28423
28425
28428
28429
28430
28431
28432
28433
28434
28435
28436
28438
28439
28441
28442
28443
28444
28445
28447
28448
28449
28450
28451
28452
28453
28454
28455
28456
28457
28458
28460
28461
28462
28463
28464
28465
28466
28467
28468
28469
28470
28472
28478
28479
28480
28501
28504
28508
28510
28511
28512
28513
28515
28516
28518
28520
28521
28523
28525
28526
28527
28528
28529
28530
28531
28532
28533
28537
28538
28539
28540
28543
28544
28545
28546
28547
28551
28552
28553
28555
28556
28557
28560
28562
28570
28571
28572
28573
28574
28577
28578
28579
28580
28581
28582
28584
28585
28586
28587
28590
28594
28601
28602
28604
28605
28606
28607
28609
28610
28611
28612
28613
28615
28617
28618
28621
28622
28623
28624
28625
28626
28627
28629
28630
28631
28634
28635
28636
28637
28638
28640
28642
28643
28644
28645
28649
28650
28651
28654
28655
28657
28658
28659
28660
28663
28665
28668
28669
28670
28672
28673
28675
28676
28677
28678
28679
28681
28682
28683
28684
28685
28689
28690
28692
28693
28694
28697
28698
28701
28702
28704
28705
28708
28709
28711
28712
28713
28714
28715
28716
28717
28718
28719
28721
28722
28723
28726
28729
28730
28731
28732
28733
28734
28735
28736
28739
28740
28741
28742
28743
28745
28746
28747
28748
28751
28752
28753
28754
28756
28759
28761
28762
28763
28766
28768
28771
28772
28773
28774
28775
28777
28778
28779
28781
28782
28783
28785
28786
28787
28789
28790
28791
28792
28801
28803
28804
28805
28806
28810
28901
28902
28904
28905
28906
28909
29001
29003
29006
29009
29010
29014
29015
29016
29018
29020
29030
29031
29032
29033
29036
29037
29038
29039
29040
29042
29044
29045
29047
29048
29051
29052
29053
29054
29055
29056
29058
29059
29061
29063
29065
29067
29069
29070
29072
29073
29075
29078
29080
29081
29082
29101
29102
29104
29105
29107
29108
29111
29112
29113
29114
29115
29118
29123
29125
29126
29127
29128
29129
29130
29133
29135
29137
29138
29142
29145
29146
29148
29150
29152
29153
29154
29160
29161
29162
29163
29164
29166
29168
29169
29170
29172
29175
29178
29180
29201
29203
29204
29205
29206
29209
29210
29212
29222
29223
29229
29301
29302
29303
29306
29307
29316
29318
29321
29322
29323
29325
29330
29332
29334
29335
29340
29341
29349
29351
29353
29355
29356
29360
29365
29369
29370
29372
29374
29376
29379
29384
29385
29388
29401
29403
29404
29405
29406
29407
29410
29412
29414
29418
29420
29426
29429
29431
29432
29434
29435
29436
29437
29438
29440
29445
29446
29448
29449
29450
29451
29453
29455
29456
29458
29461
29464
29466
29468
29469
29470
29471
29472
29474
29475
29477
29479
29481
29482
29483
29485
29486
29487
29488
29492
29501
29505
29506
29510
29511
29512
29516
29518
29520
29525
29526
29527
29530
29532
29536
29540
29541
29543
29544
29545
29546
29547
29550
29554
29555
29556
29560
29563
29564
29565
29566
29567
29568
29569
29570
29571
29572
29574
29575
29576
29577
29579
29580
29581
29582
29583
29584
29585
29588
29590
29591
29592
29593
29596
29601
29605
29607
29609
29611
29615
29617
29620
29621
29624
29625
29626
29627
29628
29630
29631
29635
29638
29639
29640
29642
29643
29644
29645
29646
29649
29650
29651
29653
29654
29655
29657
29658
29661
29662
29664
29666
29667
29669
29670
29671
29672
29673
29676
29678
29680
29681
29682
29684
29685
29686
29687
29689
29690
29691
29692
29693
29696
29697
29702
29704
29706
29707
29708
29709
29710
29712
29714
29715
29717
29718
29720
29726
29727
29728
29729
29730
29732
29734
29741
29742
29743
29745
29801
29803
29805
29809
29810
29812
29817
29819
29821
29824
29827
29828
29829
29831
29832
29835
29836
29838
29840
29841
29842
29843
29845
29847
29848
29849
29851
29853
29856
29860
29902
29906
29907
29909
29910
29911
29912
29915
29916
29918
29920
29922
29924
29926
29927
29928
29929
29932
29934
29935
29936
29940
29941
29943
29944
29945